1
100
13 -35
-28 27
29 47
24 27
-19 18
35 -20
-21 6
36 46
-48 -50
40 47
-20 -19
17 -27
-42 -38
-29 -36
25 26
-19 48
11 0
4 -24
3 -23
11 12
-12 -18
-22 -32
19 -49
-12 -42
1 5
-41 -28
-29 38
43 49
42 3
34 34
31 42
-22 39
34 9
27 40
12 -41
35 41
39 10
31 9
41 5
48 34
40 -38
10 -20
49 -46
-25 -27
2 -32
-17 -9
1 -37
35 4
-26 -8
-41 -34
20 32
28 41
-47 -6
-22 42
-1 -21
43 9
37 -39
33 22
-19 6
-8 0
13 41
42 30
-23 22
42 -46
-23 -34
-5 7
-5 40
-45 -31
-1 -26
44 44
13 -45
29 37
47 27
44 -44
36 -36
3 -18
44 -14
-24 9
-35 -23
-11 -42
41 -7
8 -6
9 -13
-29 -31
37 6
0 -2
45 40
-41 -1
48 -38
-28 47
-14 37
-22 -39
-21 15
-4 4
42 -42
24 39
19 -46
13 -40
1 -19
-7 -24

