1 4 7 3 6 2 5 ret = 3
1 5 2 6 3 7 4 ret = 3
2 5 1 4 7 3 6 ret = 3
2 5 1 6 3 7 4 ret = 3
2 6 3 7 4 1 5 ret = 3
3 6 1 4 7 2 5 ret = 3
3 6 1 5 2 7 4 ret = 3
3 6 2 5 1 4 7 ret = 3
3 6 2 5 1 7 4 ret = 3
3 6 2 7 4 1 5 ret = 3
3 7 4 1 5 2 6 ret = 3
3 7 4 1 6 2 5 ret = 3
4 1 5 2 6 3 7 ret = 3
4 1 5 2 7 3 6 ret = 3
4 1 6 3 7 2 5 ret = 3
4 1 7 3 6 2 5 ret = 3
4 7 1 5 2 6 3 ret = 3
4 7 2 5 1 6 3 ret = 3
4 7 3 6 1 5 2 ret = 3
4 7 3 6 2 5 1 ret = 3
5 1 4 7 2 6 3 ret = 3
5 1 4 7 3 6 2 ret = 3
5 2 6 1 4 7 3 ret = 3
5 2 6 3 7 1 4 ret = 3
5 2 6 3 7 4 1 ret = 3
5 2 7 3 6 1 4 ret = 3
5 2 7 4 1 6 3 ret = 3
6 2 5 1 4 7 3 ret = 3
6 3 7 2 5 1 4 ret = 3
6 3 7 4 1 5 2 ret = 3
7 3 6 2 5 1 4 ret = 3
7 4 1 5 2 6 3 ret = 3