1
100 100
81 53
44 74
1 33
50 100
89 47
41 89
63 28
99 73
64 78
9 99
82 44
92 76
91 91
73 48
82 98
19 17
79 56
76 27
77 73
22 97
33 98
55 38
46 53
31 22
7 93
98 27
24 77
10 79
65 87
13 55
75 98
53 49
25 84
83 93
38 66
59 73
43 33
59 11
20 3
74 91
26 28
98 53
72 17
35 60
94 94
58 48
9 3
39 58
24 77
94 53
74 14
100 54
73 51
32 43
18 20
51 13
42 41
70 97
89 71
65 52
65 84
41 61
70 75
70 31
51 8
1 2
23 32
97 11
77 55
54 63
56 97
31 31
51 19
1 70
29 30
40 27
100 21
49 18
71 68
20 32
52 15
22 1
46 87
83 18
12 11
98 87
70 39
25 26
49 82
43 9
94 36
15 64
61 74
38 31
8 44
8 94
73 99
39 30
27 61
97 91
