1
1000 1000
438 315
495 17
316 171
903 935
382 725
530 671
697 643
615 404
48 887
407 232
363 681
80 953
599 121
566 101
132 205
69 442
683 405
906 785
463 85
715 380
486 347
4 269
783 25
699 921
814 989
654 773
925 632
851 871
342 812
512 473
119 330
828 713
420 282
294 988
843 83
677 733
908 726
680 600
784 974
399 772
476 467
633 784
342 648
7 549
703 425
33 229
9 545
216 66
194 443
419 793
682 543
758 353
873 7
280 719
85 682
195 836
899 609
522 937
580 625
662 345
74 352
185 313
314 179
471 763
884 735
641 145
153 415
212 832
477 990
890 994
789 77
248 225
51 55
559 985
95 731
142 781
488 265
320 517
267 529
210 230
83 360
848 531
995 316
441 155
224 827
200 106
25 359
236 444
307 564
354 687
904 869
225 73
689 260
926 178
660 928
338 819
487 636
601 519
197 670
595 769
24 485
193 278
713 695
216 924
220 785
346 883
743 680
438 363
988 784
788 639
540 147
901 577
967 5
218 221
314 869
276 282
432 894
220 46
796 758
533 329
213 719
38 958
907 540
452 493
177 638
288 860
212 225
237 944
267 24
156 294
616 504
67 998
870 260
699 491
242 956
441 412
351 483
536 607
949 329
461 462
618 511
411 578
540 705
56 824
541 144
168 241
703 977
464 614
474 984
645 4
509 433
182 692
409 552
543 838
212 663
336 967
381 440
670 840
411 100
592 49
346 396
140 806
128 886
483 289
717 746
674 289
378 836
443 81
732 285
827 203
65 894
165 863
410 356
247 238
433 426
755 380
885 931
722 814
307 104
284 112
15 953
930 594
124 783
895 420
840 393
756 567
363 877
20 934
58 770
856 677
543 203
211 737
763 558
232 936
607 470
315 330
887 759
229 480
809 696
892 708
428 245
762 569
523 973
885 660
548 849
807 372
701 151
535 502
463 134
520 852
957 330
168 887
30 42
147 50
985 896
1 945
65 25
646 466
985 510
496 218
513 346
14 315
586 29
287 685
407 704
33 787
772 762
419 655
547 731
629 489
533 279
542 219
958 37
270 985
676 552
805 175
529 133
684 347
207 566
243 525
123 367
818 812
797 352
628 435
183 410
217 219
821 173
747 619
492 8
331 470
853 202
677 796
275 738
161 83
827 994
395 191
548 410
757 7
496 882
35 186
554 478
752 818
240 945
64 392
922 716
125 577
723 230
494 504
304 504
84 683
735 281
647 242
794 168
25 69
124 944
865 101
219 761
211 334
206 164
693 947
681 359
549 971
823 978
321 955
647 665
463 156
706 363
423 702
612 634
702 932
729 332
20 994
843 665
864 661
929 438
978 387
841 954
25 395
712 223
671 197
905 339
369 284
613 215
595 523
859 152
164 615
617 108
390 147
265 487
585 241
870 575
551 976
577 405
651 137
207 781
806 207
622 999
707 629
48 783
716 50
334 954
619 211
881 770
77 1000
965 875
76 58
520 887
189 210
545 271
282 566
380 900
904 120
981 701
747 135
626 745
88 90
478 855
875 594
340 620
403 919
833 597
875 406
389 190
418 210
971 162
141 825
862 867
891 72
806 924
58 449
756 286
928 147
139 560
804 179
135 163
598 738
627 540
885 663
549 267
215 559
788 340
286 370
541 939
377 823
330 966
576 371
637 558
741 350
268 894
415 462
437 174
416 913
51 946
305 212
257 175
773 233
807 190
372 737
331 413
953 62
425 545
301 941
190 752
405 58
529 799
242 252
900 167
288 130
146 709
937 518
401 938
730 441
705 216
119 471
397 246
427 405
370 430
834 512
894 493
554 791
692 803
190 364
204 620
862 471
432 542
412 356
820 852
944 14
109 274
846 963
470 441
286 698
86 813
837 515
254 214
802 998
930 92
996 230
359 518
2 479
228 813
962 46
379 412
486 16
281 571
939 150
532 501
236 183
133 238
344 694
30 9
911 54
62 200
458 291
90 117
788 91
102 9
651 221
269 388
875 904
589 740
918 743
823 897
732 491
246 600
449 34
5 550
928 263
77 785
514 66
151 873
980 706
192 436
375 287
635 282
385 829
115 694
61 534
144 838
910 255
33 685
850 902
524 943
813 626
610 621
627 851
622 746
858 884
575 820
94 502
716 335
199 103
40 70
553 859
15 36
355 729
511 859
74 442
650 795
974 533
163 68
396 791
767 967
78 113
206 242
905 898
705 291
717 270
959 23
642 903
51 707
865 404
104 147
944 807
776 985
339 379
648 680
719 805
712 201
352 578
979 134
430 586
122 861
91 731
637 128
408 321
820 35
993 389
875 157
958 532
13 594
748 641
922 288
91 357
308 920
768 622
126 48
430 686
974 799
385 885
181 312
996 154
220 707
203 30
529 152
603 393
266 974
25 569
177 147
608 992
425 564
703 53
824 423
962 166
830 55
415 757
173 392
684 448
865 916
176 294
409 750
271 14
230 212
442 266
12 866
198 796
496 773
675 536
121 52
216 307
745 318
909 834
533 768
50 333
467 822
342 381
572 149
418 564
626 134
719 837
740 173
85 940
672 994
190 270
240 80
146 628
800 548
116 764
590 960
268 713
691 89
47 652
873 438
564 218
430 66
96 240
472 148
397 829
433 876
502 775
510 536
374 33
402 441
194 891
616 912
348 570
992 653
617 626
649 361
597 305
873 305
190 669
801 758
22 489
749 339
245 108
738 575
286 435
144 428
288 720
450 847
128 434
155 113
366 519
108 477
237 856
980 651
135 476
191 324
520 719
378 503
105 644
765 700
169 57
481 679
759 450
413 414
50 144
148 415
748 12
329 236
269 751
334 408
284 939
977 287
211 631
336 528
916 527
678 302
838 435
591 96
413 977
928 382
385 85
34 397
509 640
569 436
75 950
8 616
902 36
439 973
552 418
432 774
725 62
438 358
479 649
903 856
276 590
60 332
237 952
366 708
536 171
491 766
872 190
561 818
3 903
963 294
525 279
730 872
332 176
109 500
107 860
947 871
818 504
816 43
774 753
487 195
237 69
632 34
477 750
650 991
53 138
106 52
788 726
85 191
985 565
466 944
802 3
435 20
497 167
309 338
300 41
230 748
932 655
935 632
536 990
651 455
731 199
839 397
755 120
841 835
844 13
390 794
12 327
942 921
448 652
59 464
415 910
755 453
693 16
753 607
995 47
499 426
165 310
231 371
212 596
671 644
821 73
936 505
17 391
997 228
326 494
993 718
319 770
941 671
272 97
78 360
700 136
619 927
698 317
301 364
773 66
735 961
812 920
33 422
161 299
688 566
933 389
448 588
44 877
228 962
637 305
541 644
29 785
226 184
892 534
703 656
888 291
449 636
625 659
16 241
389 467
358 759
52 961
631 146
222 958
81 158
740 976
951 97
493 299
560 691
522 896
965 345
604 342
556 715
52 857
166 778
475 624
143 206
451 299
159 815
782 125
452 595
213 142
987 711
132 60
655 913
812 572
792 950
801 531
520 287
869 242
562 969
796 273
668 973
578 882
823 141
786 730
852 576
673 228
738 368
122 231
261 586
970 424
528 342
655 555
366 408
997 702
533 101
25 534
885 162
865 119
520 90
595 974
282 678
414 121
931 530
935 49
458 646
116 407
156 978
246 117
606 869
642 358
743 352
968 1000
233 846
424 881
322 911
938 600
70 909
253 101
703 319
179 300
815 300
891 774
69 738
182 465
79 968
925 953
799 248
499 646
409 601
120 432
940 44
605 664
494 85
151 681
829 205
990 79
460 494
845 335
66 318
207 463
346 503
951 927
646 206
552 920
668 739
263 500
494 744
990 999
933 990
819 996
262 12
640 27
240 674
283 201
820 301
593 448
990 243
503 185
939 225
201 423
291 75
78 206
977 389
316 516
249 143
416 646
826 686
697 862
332 257
190 804
411 392
980 371
692 692
116 22
439 731
45 458
46 163
78 133
325 777
870 439
563 802
552 928
216 57
97 546
399 930
532 577
94 416
376 728
547 394
776 662
849 426
587 713
492 521
685 793
810 757
310 1
786 493
586 993
609 79
840 191
666 583
727 111
229 315
318 560
516 324
146 25
978 208
93 653
749 710
309 859
182 833
123 48
855 945
557 529
980 286
295 612
308 142
869 926
354 617
708 682
511 499
410 728
42 323
962 517
123 489
36 930
996 861
861 207
497 157
955 545
786 335
356 777
366 736
344 471
642 508
283 295
539 904
895 779
432 603
426 161
547 892
708 534
50 584
908 643
929 635
251 815
586 537
57 126
832 765
678 353
448 522
844 69
328 257
683 648
645 538
781 681
912 917
612 432
712 563
552 838
158 81
133 742
349 558
492 948
257 597
385 412
457 317
326 526
400 550
69 433
120 966
923 22
128 302
948 471
64 551
305 583
449 472
969 187
683 644
359 74
217 872
192 113
72 899
192 729
528 745
798 997
170 81
348 671
667 821
971 267
519 345
119 982
394 520
879 176
139 468
185 880
546 965
275 150
795 164
276 55
51 536
292 292
514 729
849 661
258 451
547 828
