1 5 9 4 8 3 7 2 6 ret = 4
1 6 2 7 3 8 4 9 5 ret = 4
2 6 1 5 9 4 8 3 7 ret = 4
2 6 1 7 3 8 4 9 5 ret = 4
2 7 3 8 4 9 5 1 6 ret = 4
3 7 1 5 9 4 8 2 6 ret = 4
3 7 1 6 2 8 4 9 5 ret = 4
3 7 2 6 1 5 9 4 8 ret = 4
3 7 2 6 1 8 4 9 5 ret = 4
3 7 2 8 4 9 5 1 6 ret = 4
3 8 4 9 5 1 6 2 7 ret = 4
3 8 4 9 5 1 7 2 6 ret = 4
4 8 1 5 9 3 7 2 6 ret = 4
4 8 1 6 2 7 3 9 5 ret = 4
4 8 2 6 1 5 9 3 7 ret = 4
4 8 2 6 1 7 3 9 5 ret = 4
4 8 2 7 3 9 5 1 6 ret = 4
4 8 3 7 1 5 9 2 6 ret = 4
4 8 3 7 1 6 2 9 5 ret = 4
4 8 3 7 2 6 1 5 9 ret = 4
4 8 3 7 2 6 1 9 5 ret = 4
4 8 3 7 2 9 5 1 6 ret = 4
4 8 3 9 5 1 6 2 7 ret = 4
4 8 3 9 5 1 7 2 6 ret = 4
4 9 5 1 6 2 7 3 8 ret = 4
4 9 5 1 6 2 8 3 7 ret = 4
4 9 5 1 7 3 8 2 6 ret = 4
4 9 5 1 8 3 7 2 6 ret = 4
5 1 6 2 7 3 8 4 9 ret = 4
5 1 6 2 7 3 9 4 8 ret = 4
5 1 6 2 8 4 9 3 7 ret = 4
5 1 6 2 9 4 8 3 7 ret = 4
5 1 7 3 8 4 9 2 6 ret = 4
5 1 7 3 9 4 8 2 6 ret = 4
5 1 8 4 9 3 7 2 6 ret = 4
5 1 9 4 8 3 7 2 6 ret = 4
5 9 1 6 2 7 3 8 4 ret = 4
5 9 2 6 1 7 3 8 4 ret = 4
5 9 3 7 1 6 2 8 4 ret = 4
5 9 3 7 2 6 1 8 4 ret = 4
5 9 4 8 1 6 2 7 3 ret = 4
5 9 4 8 2 6 1 7 3 ret = 4
5 9 4 8 3 7 1 6 2 ret = 4
5 9 4 8 3 7 2 6 1 ret = 4
6 1 5 9 2 7 3 8 4 ret = 4
6 1 5 9 3 7 2 8 4 ret = 4
6 1 5 9 4 8 2 7 3 ret = 4
6 1 5 9 4 8 3 7 2 ret = 4
6 2 7 1 5 9 3 8 4 ret = 4
6 2 7 1 5 9 4 8 3 ret = 4
6 2 7 3 8 1 5 9 4 ret = 4
6 2 7 3 8 4 9 1 5 ret = 4
6 2 7 3 8 4 9 5 1 ret = 4
6 2 7 3 9 4 8 1 5 ret = 4
6 2 7 3 9 5 1 8 4 ret = 4
6 2 8 3 7 1 5 9 4 ret = 4
6 2 8 4 9 3 7 1 5 ret = 4
6 2 8 4 9 5 1 7 3 ret = 4
6 2 9 4 8 3 7 1 5 ret = 4
6 2 9 5 1 7 3 8 4 ret = 4
7 2 6 1 5 9 3 8 4 ret = 4
7 2 6 1 5 9 4 8 3 ret = 4
7 3 8 2 6 1 5 9 4 ret = 4
7 3 8 4 9 2 6 1 5 ret = 4
7 3 8 4 9 5 1 6 2 ret = 4
7 3 9 4 8 2 6 1 5 ret = 4
7 3 9 5 1 6 2 8 4 ret = 4
8 3 7 2 6 1 5 9 4 ret = 4
8 4 9 3 7 2 6 1 5 ret = 4
8 4 9 5 1 6 2 7 3 ret = 4
9 4 8 3 7 2 6 1 5 ret = 4
9 5 1 6 2 7 3 8 4 ret = 4