1 6 11 5 10 4 9 3 8 2 7 ret = 5
1 7 2 8 3 9 4 10 5 11 6 ret = 5
2 7 1 6 11 5 10 4 9 3 8 ret = 5
2 7 1 8 3 9 4 10 5 11 6 ret = 5
2 8 3 9 4 10 5 11 6 1 7 ret = 5
3 8 1 6 11 5 10 4 9 2 7 ret = 5
3 8 1 7 2 9 4 10 5 11 6 ret = 5
3 8 2 7 1 6 11 5 10 4 9 ret = 5
3 8 2 7 1 9 4 10 5 11 6 ret = 5
3 8 2 9 4 10 5 11 6 1 7 ret = 5
3 9 4 10 5 11 6 1 7 2 8 ret = 5
3 9 4 10 5 11 6 1 8 2 7 ret = 5
4 9 1 6 11 5 10 3 8 2 7 ret = 5
4 9 1 7 2 8 3 10 5 11 6 ret = 5
4 9 2 7 1 6 11 5 10 3 8 ret = 5
4 9 2 7 1 8 3 10 5 11 6 ret = 5
4 9 2 8 3 10 5 11 6 1 7 ret = 5
4 9 3 8 1 6 11 5 10 2 7 ret = 5
4 9 3 8 1 7 2 10 5 11 6 ret = 5
4 9 3 8 2 7 1 6 11 5 10 ret = 5
4 9 3 8 2 7 1 10 5 11 6 ret = 5
4 9 3 8 2 10 5 11 6 1 7 ret = 5
4 9 3 10 5 11 6 1 7 2 8 ret = 5
4 9 3 10 5 11 6 1 8 2 7 ret = 5
4 10 5 11 6 1 7 2 8 3 9 ret = 5
4 10 5 11 6 1 7 2 9 3 8 ret = 5
4 10 5 11 6 1 8 3 9 2 7 ret = 5
4 10 5 11 6 1 9 3 8 2 7 ret = 5
5 10 1 6 11 4 9 3 8 2 7 ret = 5
5 10 1 7 2 8 3 9 4 11 6 ret = 5
5 10 2 7 1 6 11 4 9 3 8 ret = 5
5 10 2 7 1 8 3 9 4 11 6 ret = 5
5 10 2 8 3 9 4 11 6 1 7 ret = 5
5 10 3 8 1 6 11 4 9 2 7 ret = 5
5 10 3 8 1 7 2 9 4 11 6 ret = 5
5 10 3 8 2 7 1 6 11 4 9 ret = 5
5 10 3 8 2 7 1 9 4 11 6 ret = 5
5 10 3 8 2 9 4 11 6 1 7 ret = 5
5 10 3 9 4 11 6 1 7 2 8 ret = 5
5 10 3 9 4 11 6 1 8 2 7 ret = 5
5 10 4 9 1 6 11 3 8 2 7 ret = 5
5 10 4 9 1 7 2 8 3 11 6 ret = 5
5 10 4 9 2 7 1 6 11 3 8 ret = 5
5 10 4 9 2 7 1 8 3 11 6 ret = 5
5 10 4 9 2 8 3 11 6 1 7 ret = 5
5 10 4 9 3 8 1 6 11 2 7 ret = 5
5 10 4 9 3 8 1 7 2 11 6 ret = 5
5 10 4 9 3 8 2 7 1 6 11 ret = 5
5 10 4 9 3 8 2 7 1 11 6 ret = 5
5 10 4 9 3 8 2 11 6 1 7 ret = 5
5 10 4 9 3 11 6 1 7 2 8 ret = 5
5 10 4 9 3 11 6 1 8 2 7 ret = 5
5 10 4 11 6 1 7 2 8 3 9 ret = 5
5 10 4 11 6 1 7 2 9 3 8 ret = 5
5 10 4 11 6 1 8 3 9 2 7 ret = 5
5 10 4 11 6 1 9 3 8 2 7 ret = 5
5 11 6 1 7 2 8 3 9 4 10 ret = 5
5 11 6 1 7 2 8 3 10 4 9 ret = 5
5 11 6 1 7 2 9 4 10 3 8 ret = 5
5 11 6 1 7 2 10 4 9 3 8 ret = 5
5 11 6 1 8 3 9 4 10 2 7 ret = 5
5 11 6 1 8 3 10 4 9 2 7 ret = 5
5 11 6 1 9 4 10 3 8 2 7 ret = 5
5 11 6 1 10 4 9 3 8 2 7 ret = 5
6 1 7 2 8 3 9 4 10 5 11 ret = 5
6 1 7 2 8 3 9 4 11 5 10 ret = 5
6 1 7 2 8 3 10 5 11 4 9 ret = 5
6 1 7 2 8 3 11 5 10 4 9 ret = 5
6 1 7 2 9 4 10 5 11 3 8 ret = 5
6 1 7 2 9 4 11 5 10 3 8 ret = 5
6 1 7 2 10 5 11 4 9 3 8 ret = 5
6 1 7 2 11 5 10 4 9 3 8 ret = 5
6 1 8 3 9 4 10 5 11 2 7 ret = 5
6 1 8 3 9 4 11 5 10 2 7 ret = 5
6 1 8 3 10 5 11 4 9 2 7 ret = 5
6 1 8 3 11 5 10 4 9 2 7 ret = 5
6 1 9 4 10 5 11 3 8 2 7 ret = 5
6 1 9 4 11 5 10 3 8 2 7 ret = 5
6 1 10 5 11 4 9 3 8 2 7 ret = 5
6 1 11 5 10 4 9 3 8 2 7 ret = 5
6 11 1 7 2 8 3 9 4 10 5 ret = 5
6 11 2 7 1 8 3 9 4 10 5 ret = 5
6 11 3 8 1 7 2 9 4 10 5 ret = 5
6 11 3 8 2 7 1 9 4 10 5 ret = 5
6 11 4 9 1 7 2 8 3 10 5 ret = 5
6 11 4 9 2 7 1 8 3 10 5 ret = 5
6 11 4 9 3 8 1 7 2 10 5 ret = 5
6 11 4 9 3 8 2 7 1 10 5 ret = 5
6 11 5 10 1 7 2 8 3 9 4 ret = 5
6 11 5 10 2 7 1 8 3 9 4 ret = 5
6 11 5 10 3 8 1 7 2 9 4 ret = 5
6 11 5 10 3 8 2 7 1 9 4 ret = 5
6 11 5 10 4 9 1 7 2 8 3 ret = 5
6 11 5 10 4 9 2 7 1 8 3 ret = 5
6 11 5 10 4 9 3 8 1 7 2 ret = 5
6 11 5 10 4 9 3 8 2 7 1 ret = 5
7 1 6 11 2 8 3 9 4 10 5 ret = 5
7 1 6 11 3 8 2 9 4 10 5 ret = 5
7 1 6 11 4 9 2 8 3 10 5 ret = 5
7 1 6 11 4 9 3 8 2 10 5 ret = 5
7 1 6 11 5 10 2 8 3 9 4 ret = 5
7 1 6 11 5 10 3 8 2 9 4 ret = 5
7 1 6 11 5 10 4 9 2 8 3 ret = 5
7 1 6 11 5 10 4 9 3 8 2 ret = 5
7 2 8 1 6 11 3 9 4 10 5 ret = 5
7 2 8 1 6 11 4 9 3 10 5 ret = 5
7 2 8 1 6 11 5 10 3 9 4 ret = 5
7 2 8 1 6 11 5 10 4 9 3 ret = 5
7 2 8 3 9 1 6 11 4 10 5 ret = 5
7 2 8 3 9 1 6 11 5 10 4 ret = 5
7 2 8 3 9 4 10 1 6 11 5 ret = 5
7 2 8 3 9 4 10 5 11 1 6 ret = 5
7 2 8 3 9 4 10 5 11 6 1 ret = 5
7 2 8 3 9 4 11 5 10 1 6 ret = 5
7 2 8 3 9 4 11 6 1 10 5 ret = 5
7 2 8 3 10 4 9 1 6 11 5 ret = 5
7 2 8 3 10 5 11 4 9 1 6 ret = 5
7 2 8 3 10 5 11 6 1 9 4 ret = 5
7 2 8 3 11 5 10 4 9 1 6 ret = 5
7 2 8 3 11 6 1 9 4 10 5 ret = 5
7 2 9 3 8 1 6 11 4 10 5 ret = 5
7 2 9 3 8 1 6 11 5 10 4 ret = 5
7 2 9 4 10 3 8 1 6 11 5 ret = 5
7 2 9 4 10 5 11 3 8 1 6 ret = 5
7 2 9 4 10 5 11 6 1 8 3 ret = 5
7 2 9 4 11 5 10 3 8 1 6 ret = 5
7 2 9 4 11 6 1 8 3 10 5 ret = 5
7 2 10 4 9 3 8 1 6 11 5 ret = 5
7 2 10 5 11 4 9 3 8 1 6 ret = 5
7 2 10 5 11 6 1 8 3 9 4 ret = 5
7 2 11 5 10 4 9 3 8 1 6 ret = 5
7 2 11 6 1 8 3 9 4 10 5 ret = 5
8 2 7 1 6 11 3 9 4 10 5 ret = 5
8 2 7 1 6 11 4 9 3 10 5 ret = 5
8 2 7 1 6 11 5 10 3 9 4 ret = 5
8 2 7 1 6 11 5 10 4 9 3 ret = 5
8 3 9 2 7 1 6 11 4 10 5 ret = 5
8 3 9 2 7 1 6 11 5 10 4 ret = 5
8 3 9 4 10 2 7 1 6 11 5 ret = 5
8 3 9 4 10 5 11 2 7 1 6 ret = 5
8 3 9 4 10 5 11 6 1 7 2 ret = 5
8 3 9 4 11 5 10 2 7 1 6 ret = 5
8 3 9 4 11 6 1 7 2 10 5 ret = 5
8 3 10 4 9 2 7 1 6 11 5 ret = 5
8 3 10 5 11 4 9 2 7 1 6 ret = 5
8 3 10 5 11 6 1 7 2 9 4 ret = 5
8 3 11 5 10 4 9 2 7 1 6 ret = 5
8 3 11 6 1 7 2 9 4 10 5 ret = 5
9 3 8 2 7 1 6 11 4 10 5 ret = 5
9 3 8 2 7 1 6 11 5 10 4 ret = 5
9 4 10 3 8 2 7 1 6 11 5 ret = 5
9 4 10 5 11 3 8 2 7 1 6 ret = 5
9 4 10 5 11 6 1 7 2 8 3 ret = 5
9 4 11 5 10 3 8 2 7 1 6 ret = 5
9 4 11 6 1 7 2 8 3 10 5 ret = 5
10 4 9 3 8 2 7 1 6 11 5 ret = 5
10 5 11 4 9 3 8 2 7 1 6 ret = 5
10 5 11 6 1 7 2 8 3 9 4 ret = 5
11 5 10 4 9 3 8 2 7 1 6 ret = 5
11 6 1 7 2 8 3 9 4 10 5 ret = 5
5
