1 7 13 6 12 5 11 4 10 3 9 2 8 ret = 6
1 8 2 9 3 10 4 11 5 12 6 13 7 ret = 6
2 8 1 7 13 6 12 5 11 4 10 3 9 ret = 6
2 8 1 9 3 10 4 11 5 12 6 13 7 ret = 6
2 9 3 10 4 11 5 12 6 13 7 1 8 ret = 6
3 9 1 7 13 6 12 5 11 4 10 2 8 ret = 6
3 9 1 8 2 10 4 11 5 12 6 13 7 ret = 6
3 9 2 8 1 7 13 6 12 5 11 4 10 ret = 6
3 9 2 8 1 10 4 11 5 12 6 13 7 ret = 6
3 9 2 10 4 11 5 12 6 13 7 1 8 ret = 6
3 10 4 11 5 12 6 13 7 1 8 2 9 ret = 6
3 10 4 11 5 12 6 13 7 1 9 2 8 ret = 6
4 10 1 7 13 6 12 5 11 3 9 2 8 ret = 6
4 10 1 8 2 9 3 11 5 12 6 13 7 ret = 6
4 10 2 8 1 7 13 6 12 5 11 3 9 ret = 6
4 10 2 8 1 9 3 11 5 12 6 13 7 ret = 6
4 10 2 9 3 11 5 12 6 13 7 1 8 ret = 6
4 10 3 9 1 7 13 6 12 5 11 2 8 ret = 6
4 10 3 9 1 8 2 11 5 12 6 13 7 ret = 6
4 10 3 9 2 8 1 7 13 6 12 5 11 ret = 6
4 10 3 9 2 8 1 11 5 12 6 13 7 ret = 6
4 10 3 9 2 11 5 12 6 13 7 1 8 ret = 6
4 10 3 11 5 12 6 13 7 1 8 2 9 ret = 6
4 10 3 11 5 12 6 13 7 1 9 2 8 ret = 6
4 11 5 12 6 13 7 1 8 2 9 3 10 ret = 6
4 11 5 12 6 13 7 1 8 2 10 3 9 ret = 6
4 11 5 12 6 13 7 1 9 3 10 2 8 ret = 6
4 11 5 12 6 13 7 1 10 3 9 2 8 ret = 6
5 11 1 7 13 6 12 4 10 3 9 2 8 ret = 6
5 11 1 8 2 9 3 10 4 12 6 13 7 ret = 6
5 11 2 8 1 7 13 6 12 4 10 3 9 ret = 6
5 11 2 8 1 9 3 10 4 12 6 13 7 ret = 6
5 11 2 9 3 10 4 12 6 13 7 1 8 ret = 6
5 11 3 9 1 7 13 6 12 4 10 2 8 ret = 6
5 11 3 9 1 8 2 10 4 12 6 13 7 ret = 6
5 11 3 9 2 8 1 7 13 6 12 4 10 ret = 6
5 11 3 9 2 8 1 10 4 12 6 13 7 ret = 6
5 11 3 9 2 10 4 12 6 13 7 1 8 ret = 6
5 11 3 10 4 12 6 13 7 1 8 2 9 ret = 6
5 11 3 10 4 12 6 13 7 1 9 2 8 ret = 6
5 11 4 10 1 7 13 6 12 3 9 2 8 ret = 6
5 11 4 10 1 8 2 9 3 12 6 13 7 ret = 6
5 11 4 10 2 8 1 7 13 6 12 3 9 ret = 6
5 11 4 10 2 8 1 9 3 12 6 13 7 ret = 6
5 11 4 10 2 9 3 12 6 13 7 1 8 ret = 6
5 11 4 10 3 9 1 7 13 6 12 2 8 ret = 6
5 11 4 10 3 9 1 8 2 12 6 13 7 ret = 6
5 11 4 10 3 9 2 8 1 7 13 6 12 ret = 6
5 11 4 10 3 9 2 8 1 12 6 13 7 ret = 6
5 11 4 10 3 9 2 12 6 13 7 1 8 ret = 6
5 11 4 10 3 12 6 13 7 1 8 2 9 ret = 6
5 11 4 10 3 12 6 13 7 1 9 2 8 ret = 6
5 11 4 12 6 13 7 1 8 2 9 3 10 ret = 6
5 11 4 12 6 13 7 1 8 2 10 3 9 ret = 6
5 11 4 12 6 13 7 1 9 3 10 2 8 ret = 6
5 11 4 12 6 13 7 1 10 3 9 2 8 ret = 6
5 12 6 13 7 1 8 2 9 3 10 4 11 ret = 6
5 12 6 13 7 1 8 2 9 3 11 4 10 ret = 6
5 12 6 13 7 1 8 2 10 4 11 3 9 ret = 6
5 12 6 13 7 1 8 2 11 4 10 3 9 ret = 6
5 12 6 13 7 1 9 3 10 4 11 2 8 ret = 6
5 12 6 13 7 1 9 3 11 4 10 2 8 ret = 6
5 12 6 13 7 1 10 4 11 3 9 2 8 ret = 6
5 12 6 13 7 1 11 4 10 3 9 2 8 ret = 6
6 12 1 7 13 5 11 4 10 3 9 2 8 ret = 6
6 12 1 8 2 9 3 10 4 11 5 13 7 ret = 6
6 12 2 8 1 7 13 5 11 4 10 3 9 ret = 6
6 12 2 8 1 9 3 10 4 11 5 13 7 ret = 6
6 12 2 9 3 10 4 11 5 13 7 1 8 ret = 6
6 12 3 9 1 7 13 5 11 4 10 2 8 ret = 6
6 12 3 9 1 8 2 10 4 11 5 13 7 ret = 6
6 12 3 9 2 8 1 7 13 5 11 4 10 ret = 6
6 12 3 9 2 8 1 10 4 11 5 13 7 ret = 6
6 12 3 9 2 10 4 11 5 13 7 1 8 ret = 6
6 12 3 10 4 11 5 13 7 1 8 2 9 ret = 6
6 12 3 10 4 11 5 13 7 1 9 2 8 ret = 6
6 12 4 10 1 7 13 5 11 3 9 2 8 ret = 6
6 12 4 10 1 8 2 9 3 11 5 13 7 ret = 6
6 12 4 10 2 8 1 7 13 5 11 3 9 ret = 6
6 12 4 10 2 8 1 9 3 11 5 13 7 ret = 6
6 12 4 10 2 9 3 11 5 13 7 1 8 ret = 6
6 12 4 10 3 9 1 7 13 5 11 2 8 ret = 6
6 12 4 10 3 9 1 8 2 11 5 13 7 ret = 6
6 12 4 10 3 9 2 8 1 7 13 5 11 ret = 6
6 12 4 10 3 9 2 8 1 11 5 13 7 ret = 6
6 12 4 10 3 9 2 11 5 13 7 1 8 ret = 6
6 12 4 10 3 11 5 13 7 1 8 2 9 ret = 6
6 12 4 10 3 11 5 13 7 1 9 2 8 ret = 6
6 12 4 11 5 13 7 1 8 2 9 3 10 ret = 6
6 12 4 11 5 13 7 1 8 2 10 3 9 ret = 6
6 12 4 11 5 13 7 1 9 3 10 2 8 ret = 6
6 12 4 11 5 13 7 1 10 3 9 2 8 ret = 6
6 12 5 11 1 7 13 4 10 3 9 2 8 ret = 6
6 12 5 11 1 8 2 9 3 10 4 13 7 ret = 6
6 12 5 11 2 8 1 7 13 4 10 3 9 ret = 6
6 12 5 11 2 8 1 9 3 10 4 13 7 ret = 6
6 12 5 11 2 9 3 10 4 13 7 1 8 ret = 6
6 12 5 11 3 9 1 7 13 4 10 2 8 ret = 6
6 12 5 11 3 9 1 8 2 10 4 13 7 ret = 6
6 12 5 11 3 9 2 8 1 7 13 4 10 ret = 6
6 12 5 11 3 9 2 8 1 10 4 13 7 ret = 6
6 12 5 11 3 9 2 10 4 13 7 1 8 ret = 6
6 12 5 11 3 10 4 13 7 1 8 2 9 ret = 6
6 12 5 11 3 10 4 13 7 1 9 2 8 ret = 6
6 12 5 11 4 10 1 7 13 3 9 2 8 ret = 6
6 12 5 11 4 10 1 8 2 9 3 13 7 ret = 6
6 12 5 11 4 10 2 8 1 7 13 3 9 ret = 6
6 12 5 11 4 10 2 8 1 9 3 13 7 ret = 6
6 12 5 11 4 10 2 9 3 13 7 1 8 ret = 6
6 12 5 11 4 10 3 9 1 7 13 2 8 ret = 6
6 12 5 11 4 10 3 9 1 8 2 13 7 ret = 6
6 12 5 11 4 10 3 9 2 8 1 7 13 ret = 6
6 12 5 11 4 10 3 9 2 8 1 13 7 ret = 6
6 12 5 11 4 10 3 9 2 13 7 1 8 ret = 6
6 12 5 11 4 10 3 13 7 1 8 2 9 ret = 6
6 12 5 11 4 10 3 13 7 1 9 2 8 ret = 6
6 12 5 11 4 13 7 1 8 2 9 3 10 ret = 6
6 12 5 11 4 13 7 1 8 2 10 3 9 ret = 6
6 12 5 11 4 13 7 1 9 3 10 2 8 ret = 6
6 12 5 11 4 13 7 1 10 3 9 2 8 ret = 6
6 12 5 13 7 1 8 2 9 3 10 4 11 ret = 6
6 12 5 13 7 1 8 2 9 3 11 4 10 ret = 6
6 12 5 13 7 1 8 2 10 4 11 3 9 ret = 6
6 12 5 13 7 1 8 2 11 4 10 3 9 ret = 6
6 12 5 13 7 1 9 3 10 4 11 2 8 ret = 6
6 12 5 13 7 1 9 3 11 4 10 2 8 ret = 6
6 12 5 13 7 1 10 4 11 3 9 2 8 ret = 6
6 12 5 13 7 1 11 4 10 3 9 2 8 ret = 6
6 13 7 1 8 2 9 3 10 4 11 5 12 ret = 6
6 13 7 1 8 2 9 3 10 4 12 5 11 ret = 6
6 13 7 1 8 2 9 3 11 5 12 4 10 ret = 6
6 13 7 1 8 2 9 3 12 5 11 4 10 ret = 6
6 13 7 1 8 2 10 4 11 5 12 3 9 ret = 6
6 13 7 1 8 2 10 4 12 5 11 3 9 ret = 6
6 13 7 1 8 2 11 5 12 4 10 3 9 ret = 6
6 13 7 1 8 2 12 5 11 4 10 3 9 ret = 6
6 13 7 1 9 3 10 4 11 5 12 2 8 ret = 6
6 13 7 1 9 3 10 4 12 5 11 2 8 ret = 6
6 13 7 1 9 3 11 5 12 4 10 2 8 ret = 6
6 13 7 1 9 3 12 5 11 4 10 2 8 ret = 6
6 13 7 1 10 4 11 5 12 3 9 2 8 ret = 6
6 13 7 1 10 4 12 5 11 3 9 2 8 ret = 6
6 13 7 1 11 5 12 4 10 3 9 2 8 ret = 6
6 13 7 1 12 5 11 4 10 3 9 2 8 ret = 6
7 1 8 2 9 3 10 4 11 5 12 6 13 ret = 6
7 1 8 2 9 3 10 4 11 5 13 6 12 ret = 6
7 1 8 2 9 3 10 4 12 6 13 5 11 ret = 6
7 1 8 2 9 3 10 4 13 6 12 5 11 ret = 6
7 1 8 2 9 3 11 5 12 6 13 4 10 ret = 6
7 1 8 2 9 3 11 5 13 6 12 4 10 ret = 6
7 1 8 2 9 3 12 6 13 5 11 4 10 ret = 6
7 1 8 2 9 3 13 6 12 5 11 4 10 ret = 6
7 1 8 2 10 4 11 5 12 6 13 3 9 ret = 6
7 1 8 2 10 4 11 5 13 6 12 3 9 ret = 6
7 1 8 2 10 4 12 6 13 5 11 3 9 ret = 6
7 1 8 2 10 4 13 6 12 5 11 3 9 ret = 6
7 1 8 2 11 5 12 6 13 4 10 3 9 ret = 6
7 1 8 2 11 5 13 6 12 4 10 3 9 ret = 6
7 1 8 2 12 6 13 5 11 4 10 3 9 ret = 6
7 1 8 2 13 6 12 5 11 4 10 3 9 ret = 6
7 1 9 3 10 4 11 5 12 6 13 2 8 ret = 6
7 1 9 3 10 4 11 5 13 6 12 2 8 ret = 6
7 1 9 3 10 4 12 6 13 5 11 2 8 ret = 6
7 1 9 3 10 4 13 6 12 5 11 2 8 ret = 6
7 1 9 3 11 5 12 6 13 4 10 2 8 ret = 6
7 1 9 3 11 5 13 6 12 4 10 2 8 ret = 6
7 1 9 3 12 6 13 5 11 4 10 2 8 ret = 6
7 1 9 3 13 6 12 5 11 4 10 2 8 ret = 6
7 1 10 4 11 5 12 6 13 3 9 2 8 ret = 6
7 1 10 4 11 5 13 6 12 3 9 2 8 ret = 6
7 1 10 4 12 6 13 5 11 3 9 2 8 ret = 6
7 1 10 4 13 6 12 5 11 3 9 2 8 ret = 6
7 1 11 5 12 6 13 4 10 3 9 2 8 ret = 6
7 1 11 5 13 6 12 4 10 3 9 2 8 ret = 6
7 1 12 6 13 5 11 4 10 3 9 2 8 ret = 6
7 1 13 6 12 5 11 4 10 3 9 2 8 ret = 6
7 13 1 8 2 9 3 10 4 11 5 12 6 ret = 6
7 13 2 8 1 9 3 10 4 11 5 12 6 ret = 6
7 13 3 9 1 8 2 10 4 11 5 12 6 ret = 6
7 13 3 9 2 8 1 10 4 11 5 12 6 ret = 6
7 13 4 10 1 8 2 9 3 11 5 12 6 ret = 6
7 13 4 10 2 8 1 9 3 11 5 12 6 ret = 6
7 13 4 10 3 9 1 8 2 11 5 12 6 ret = 6
7 13 4 10 3 9 2 8 1 11 5 12 6 ret = 6
7 13 5 11 1 8 2 9 3 10 4 12 6 ret = 6
7 13 5 11 2 8 1 9 3 10 4 12 6 ret = 6
7 13 5 11 3 9 1 8 2 10 4 12 6 ret = 6
7 13 5 11 3 9 2 8 1 10 4 12 6 ret = 6
7 13 5 11 4 10 1 8 2 9 3 12 6 ret = 6
7 13 5 11 4 10 2 8 1 9 3 12 6 ret = 6
7 13 5 11 4 10 3 9 1 8 2 12 6 ret = 6
7 13 5 11 4 10 3 9 2 8 1 12 6 ret = 6
7 13 6 12 1 8 2 9 3 10 4 11 5 ret = 6
7 13 6 12 2 8 1 9 3 10 4 11 5 ret = 6
7 13 6 12 3 9 1 8 2 10 4 11 5 ret = 6
7 13 6 12 3 9 2 8 1 10 4 11 5 ret = 6
7 13 6 12 4 10 1 8 2 9 3 11 5 ret = 6
7 13 6 12 4 10 2 8 1 9 3 11 5 ret = 6
7 13 6 12 4 10 3 9 1 8 2 11 5 ret = 6
7 13 6 12 4 10 3 9 2 8 1 11 5 ret = 6
7 13 6 12 5 11 1 8 2 9 3 10 4 ret = 6
7 13 6 12 5 11 2 8 1 9 3 10 4 ret = 6
7 13 6 12 5 11 3 9 1 8 2 10 4 ret = 6
7 13 6 12 5 11 3 9 2 8 1 10 4 ret = 6
7 13 6 12 5 11 4 10 1 8 2 9 3 ret = 6
7 13 6 12 5 11 4 10 2 8 1 9 3 ret = 6
7 13 6 12 5 11 4 10 3 9 1 8 2 ret = 6
7 13 6 12 5 11 4 10 3 9 2 8 1 ret = 6
8 1 7 13 2 9 3 10 4 11 5 12 6 ret = 6
8 1 7 13 3 9 2 10 4 11 5 12 6 ret = 6
8 1 7 13 4 10 2 9 3 11 5 12 6 ret = 6
8 1 7 13 4 10 3 9 2 11 5 12 6 ret = 6
8 1 7 13 5 11 2 9 3 10 4 12 6 ret = 6
8 1 7 13 5 11 3 9 2 10 4 12 6 ret = 6
8 1 7 13 5 11 4 10 2 9 3 12 6 ret = 6
8 1 7 13 5 11 4 10 3 9 2 12 6 ret = 6
8 1 7 13 6 12 2 9 3 10 4 11 5 ret = 6
8 1 7 13 6 12 3 9 2 10 4 11 5 ret = 6
8 1 7 13 6 12 4 10 2 9 3 11 5 ret = 6
8 1 7 13 6 12 4 10 3 9 2 11 5 ret = 6
8 1 7 13 6 12 5 11 2 9 3 10 4 ret = 6
8 1 7 13 6 12 5 11 3 9 2 10 4 ret = 6
8 1 7 13 6 12 5 11 4 10 2 9 3 ret = 6
8 1 7 13 6 12 5 11 4 10 3 9 2 ret = 6
8 2 9 1 7 13 3 10 4 11 5 12 6 ret = 6
8 2 9 1 7 13 4 10 3 11 5 12 6 ret = 6
8 2 9 1 7 13 5 11 3 10 4 12 6 ret = 6
8 2 9 1 7 13 5 11 4 10 3 12 6 ret = 6
8 2 9 1 7 13 6 12 3 10 4 11 5 ret = 6
8 2 9 1 7 13 6 12 4 10 3 11 5 ret = 6
8 2 9 1 7 13 6 12 5 11 3 10 4 ret = 6
8 2 9 1 7 13 6 12 5 11 4 10 3 ret = 6
8 2 9 3 10 1 7 13 4 11 5 12 6 ret = 6
8 2 9 3 10 1 7 13 5 11 4 12 6 ret = 6
8 2 9 3 10 1 7 13 6 12 4 11 5 ret = 6
8 2 9 3 10 1 7 13 6 12 5 11 4 ret = 6
8 2 9 3 10 4 11 1 7 13 5 12 6 ret = 6
8 2 9 3 10 4 11 1 7 13 6 12 5 ret = 6
8 2 9 3 10 4 11 5 12 1 7 13 6 ret = 6
8 2 9 3 10 4 11 5 12 6 13 1 7 ret = 6
8 2 9 3 10 4 11 5 12 6 13 7 1 ret = 6
8 2 9 3 10 4 11 5 13 6 12 1 7 ret = 6
8 2 9 3 10 4 11 5 13 7 1 12 6 ret = 6
8 2 9 3 10 4 12 5 11 1 7 13 6 ret = 6
8 2 9 3 10 4 12 6 13 5 11 1 7 ret = 6
8 2 9 3 10 4 12 6 13 7 1 11 5 ret = 6
8 2 9 3 10 4 13 6 12 5 11 1 7 ret = 6
8 2 9 3 10 4 13 7 1 11 5 12 6 ret = 6
8 2 9 3 11 4 10 1 7 13 5 12 6 ret = 6
8 2 9 3 11 4 10 1 7 13 6 12 5 ret = 6
8 2 9 3 11 5 12 4 10 1 7 13 6 ret = 6
8 2 9 3 11 5 12 6 13 4 10 1 7 ret = 6
8 2 9 3 11 5 12 6 13 7 1 10 4 ret = 6
8 2 9 3 11 5 13 6 12 4 10 1 7 ret = 6
8 2 9 3 11 5 13 7 1 10 4 12 6 ret = 6
8 2 9 3 12 5 11 4 10 1 7 13 6 ret = 6
8 2 9 3 12 6 13 5 11 4 10 1 7 ret = 6
8 2 9 3 12 6 13 7 1 10 4 11 5 ret = 6
8 2 9 3 13 6 12 5 11 4 10 1 7 ret = 6
8 2 9 3 13 7 1 10 4 11 5 12 6 ret = 6
8 2 10 3 9 1 7 13 4 11 5 12 6 ret = 6
8 2 10 3 9 1 7 13 5 11 4 12 6 ret = 6
8 2 10 3 9 1 7 13 6 12 4 11 5 ret = 6
8 2 10 3 9 1 7 13 6 12 5 11 4 ret = 6
8 2 10 4 11 3 9 1 7 13 5 12 6 ret = 6
8 2 10 4 11 3 9 1 7 13 6 12 5 ret = 6
8 2 10 4 11 5 12 3 9 1 7 13 6 ret = 6
8 2 10 4 11 5 12 6 13 3 9 1 7 ret = 6
8 2 10 4 11 5 12 6 13 7 1 9 3 ret = 6
8 2 10 4 11 5 13 6 12 3 9 1 7 ret = 6
8 2 10 4 11 5 13 7 1 9 3 12 6 ret = 6
8 2 10 4 12 5 11 3 9 1 7 13 6 ret = 6
8 2 10 4 12 6 13 5 11 3 9 1 7 ret = 6
8 2 10 4 12 6 13 7 1 9 3 11 5 ret = 6
8 2 10 4 13 6 12 5 11 3 9 1 7 ret = 6
8 2 10 4 13 7 1 9 3 11 5 12 6 ret = 6
8 2 11 4 10 3 9 1 7 13 5 12 6 ret = 6
8 2 11 4 10 3 9 1 7 13 6 12 5 ret = 6
8 2 11 5 12 4 10 3 9 1 7 13 6 ret = 6
8 2 11 5 12 6 13 4 10 3 9 1 7 ret = 6
8 2 11 5 12 6 13 7 1 9 3 10 4 ret = 6
8 2 11 5 13 6 12 4 10 3 9 1 7 ret = 6
8 2 11 5 13 7 1 9 3 10 4 12 6 ret = 6
8 2 12 5 11 4 10 3 9 1 7 13 6 ret = 6
8 2 12 6 13 5 11 4 10 3 9 1 7 ret = 6
8 2 12 6 13 7 1 9 3 10 4 11 5 ret = 6
8 2 13 6 12 5 11 4 10 3 9 1 7 ret = 6
8 2 13 7 1 9 3 10 4 11 5 12 6 ret = 6
9 2 8 1 7 13 3 10 4 11 5 12 6 ret = 6
9 2 8 1 7 13 4 10 3 11 5 12 6 ret = 6
9 2 8 1 7 13 5 11 3 10 4 12 6 ret = 6
9 2 8 1 7 13 5 11 4 10 3 12 6 ret = 6
9 2 8 1 7 13 6 12 3 10 4 11 5 ret = 6
9 2 8 1 7 13 6 12 4 10 3 11 5 ret = 6
9 2 8 1 7 13 6 12 5 11 3 10 4 ret = 6
9 2 8 1 7 13 6 12 5 11 4 10 3 ret = 6
9 3 10 2 8 1 7 13 4 11 5 12 6 ret = 6
9 3 10 2 8 1 7 13 5 11 4 12 6 ret = 6
9 3 10 2 8 1 7 13 6 12 4 11 5 ret = 6
9 3 10 2 8 1 7 13 6 12 5 11 4 ret = 6
9 3 10 4 11 2 8 1 7 13 5 12 6 ret = 6
9 3 10 4 11 2 8 1 7 13 6 12 5 ret = 6
9 3 10 4 11 5 12 2 8 1 7 13 6 ret = 6
9 3 10 4 11 5 12 6 13 2 8 1 7 ret = 6
9 3 10 4 11 5 12 6 13 7 1 8 2 ret = 6
9 3 10 4 11 5 13 6 12 2 8 1 7 ret = 6
9 3 10 4 11 5 13 7 1 8 2 12 6 ret = 6
9 3 10 4 12 5 11 2 8 1 7 13 6 ret = 6
9 3 10 4 12 6 13 5 11 2 8 1 7 ret = 6
9 3 10 4 12 6 13 7 1 8 2 11 5 ret = 6
9 3 10 4 13 6 12 5 11 2 8 1 7 ret = 6
9 3 10 4 13 7 1 8 2 11 5 12 6 ret = 6
9 3 11 4 10 2 8 1 7 13 5 12 6 ret = 6
9 3 11 4 10 2 8 1 7 13 6 12 5 ret = 6
9 3 11 5 12 4 10 2 8 1 7 13 6 ret = 6
9 3 11 5 12 6 13 4 10 2 8 1 7 ret = 6
9 3 11 5 12 6 13 7 1 8 2 10 4 ret = 6
9 3 11 5 13 6 12 4 10 2 8 1 7 ret = 6
9 3 11 5 13 7 1 8 2 10 4 12 6 ret = 6
9 3 12 5 11 4 10 2 8 1 7 13 6 ret = 6
9 3 12 6 13 5 11 4 10 2 8 1 7 ret = 6
9 3 12 6 13 7 1 8 2 10 4 11 5 ret = 6
9 3 13 6 12 5 11 4 10 2 8 1 7 ret = 6
9 3 13 7 1 8 2 10 4 11 5 12 6 ret = 6
10 3 9 2 8 1 7 13 4 11 5 12 6 ret = 6
10 3 9 2 8 1 7 13 5 11 4 12 6 ret = 6
10 3 9 2 8 1 7 13 6 12 4 11 5 ret = 6
10 3 9 2 8 1 7 13 6 12 5 11 4 ret = 6
10 4 11 3 9 2 8 1 7 13 5 12 6 ret = 6
10 4 11 3 9 2 8 1 7 13 6 12 5 ret = 6
10 4 11 5 12 3 9 2 8 1 7 13 6 ret = 6
10 4 11 5 12 6 13 3 9 2 8 1 7 ret = 6
10 4 11 5 12 6 13 7 1 8 2 9 3 ret = 6
10 4 11 5 13 6 12 3 9 2 8 1 7 ret = 6
10 4 11 5 13 7 1 8 2 9 3 12 6 ret = 6
10 4 12 5 11 3 9 2 8 1 7 13 6 ret = 6
10 4 12 6 13 5 11 3 9 2 8 1 7 ret = 6
10 4 12 6 13 7 1 8 2 9 3 11 5 ret = 6
10 4 13 6 12 5 11 3 9 2 8 1 7 ret = 6
10 4 13 7 1 8 2 9 3 11 5 12 6 ret = 6
11 4 10 3 9 2 8 1 7 13 5 12 6 ret = 6
11 4 10 3 9 2 8 1 7 13 6 12 5 ret = 6
11 5 12 4 10 3 9 2 8 1 7 13 6 ret = 6
11 5 12 6 13 4 10 3 9 2 8 1 7 ret = 6
11 5 12 6 13 7 1 8 2 9 3 10 4 ret = 6
11 5 13 6 12 4 10 3 9 2 8 1 7 ret = 6
11 5 13 7 1 8 2 9 3 10 4 12 6 ret = 6
12 5 11 4 10 3 9 2 8 1 7 13 6 ret = 6
12 6 13 5 11 4 10 3 9 2 8 1 7 ret = 6
12 6 13 7 1 8 2 9 3 10 4 11 5 ret = 6
13 6 12 5 11 4 10 3 9 2 8 1 7 ret = 6
13 7 1 8 2 9 3 10 4 11 5 12 6 ret = 6
6
